0 0 LF
0 0 FF
0 0 CR
0 0 space
0 0 HT
0 0 VT
0 1 0
0 39 1
0 39 2
0 39 3
0 39 4
0 39 5
0 39 6
0 39 7
0 39 8
0 39 9
0 43 '
0 51 "
0 53 /
0 57 JL
0 68 ~
0 68 ?
0 68 :
0 69 =
0 69 !
0 69 ^
0 69 *
0 69 %
0 70 &
0 71 |
0 72 +
0 73 -
0 74 <
0 76 >
0 79 (
0 79 )
0 79 {
0 79 }
0 79 [
0 79 ]
0 79 ;
0 79 ,
0 79 .
1 59 l
1 59 L
1 2 f
1 2 F
1 2 d
1 2 D
1 3 x
1 3 X
1 19 b
1 19 B
1 26 _
1 24 0
1 24 1
1 24 2
1 24 3
1 24 4
1 24 5
1 24 6
1 24 7
1 28 .
3 4 0
3 4 1
3 4 2
3 4 3
3 4 4
3 4 5
3 4 6
3 4 7
3 4 8
3 4 9
3 4 a
3 4 b
3 4 c
3 4 d
3 4 e
3 4 f
3 4 A
3 4 B
3 4 C
3 4 D
3 4 E
3 4 F
3 18 .
4 4 0
4 4 1
4 4 2
4 4 3
4 4 4
4 4 5
4 4 6
4 4 7
4 4 8
4 4 9
4 4 a
4 4 b
4 4 c
4 4 d
4 4 e
4 4 f
4 4 A
4 4 B
4 4 C
4 4 D
4 4 E
4 4 F
4 12 p
4 12 P
4 7 l
4 7 L
4 5 _
4 8 .
5 5 _
5 6 0
5 6 1
5 6 2
5 6 3
5 6 4
5 6 5
5 6 6
5 6 7
5 6 8
5 6 9
5 6 a
5 6 b
5 6 c
5 6 d
5 6 e
5 6 f
5 6 A
5 6 B
5 6 C
5 6 D
5 6 E
5 6 F
6 6 0
6 6 1
6 6 2
6 6 3
6 6 4
6 6 5
6 6 6
6 6 7
6 6 8
6 6 9
6 6 a
6 6 b
6 6 c
6 6 d
6 6 e
6 6 f
6 6 A
6 6 B
6 6 C
6 6 D
6 6 E
6 6 F
6 5 _
6 7 l
6 7 L
6 8 .
6 12 p
6 12 P
8 9 0
8 9 1
8 9 2
8 9 3
8 9 4
8 9 5
8 9 6
8 9 7
8 9 8
8 9 9
8 9 a
8 9 b
8 9 c
8 9 d
8 9 e
8 9 f
8 9 A
8 9 B
8 9 C
8 9 D
8 9 E
8 9 F
8 12 p
8 12 P
9 9 0
9 9 1
9 9 2
9 9 3
9 9 4
9 9 5
9 9 6
9 9 7
9 9 8
9 9 9
9 9 a
9 9 b
9 9 c
9 9 d
9 9 e
9 9 f
9 9 A
9 9 B
9 9 C
9 9 D
9 9 E
9 9 F
9 10 _
9 12 p
9 12 P
10 10 _
10 11 0
10 11 1
10 11 2
10 11 3
10 11 4
10 11 5
10 11 6
10 11 7
10 11 8
10 11 9
10 11 a
10 11 b
10 11 c
10 11 d
10 11 e
10 11 f
10 11 A
10 11 B
10 11 C
10 11 D
10 11 E
10 11 F
11 11 0
11 11 1
11 11 2
11 11 3
11 11 4
11 11 5
11 11 6
11 11 7
11 11 8
11 11 9
11 11 a
11 11 b
11 11 c
11 11 d
11 11 e
11 11 f
11 11 A
11 11 B
11 11 C
11 11 D
11 11 E
11 11 F
11 12 p
11 12 P
11 10 _
12 13 +
12 13 -
12 14 0
12 14 1
12 14 2
12 14 3
12 14 4
12 14 5
12 14 6
12 14 7
12 14 8
12 14 9
13 14 0
13 14 1
13 14 2
13 14 3
13 14 4
13 14 5
13 14 6
13 14 7
13 14 8
13 14 9
14 14 0
14 14 1
14 14 2
14 14 3
14 14 4
14 14 5
14 14 6
14 14 7
14 14 8
14 14 9
14 15 f
14 15 F
14 15 d
14 15 D
14 16 _
16 16 _
16 17 0
16 17 1
16 17 2
16 17 3
16 17 4
16 17 5
16 17 6
16 17 7
16 17 8
16 17 9
17 17 0
17 17 1
17 17 2
17 17 3
17 17 4
17 17 5
17 17 6
17 17 7
17 17 8
17 17 9
17 16 _
17 15 f
17 15 F
17 15 d
17 15 D
18 9 0
18 9 1
18 9 2
18 9 3
18 9 4
18 9 5
18 9 6
18 9 7
18 9 8
18 9 9
18 9 a
18 9 b
18 9 c
18 9 d
18 9 e
18 9 f
18 9 A
18 9 B
18 9 C
18 9 D
18 9 E
18 9 F
19 20 0
19 20 1
20 20 0
20 20 1
20 22 _
20 21 l
20 21 L
22 22 _
22 23 0
22 23 1
23 21 l
23 21 L
23 22 _
23 23 0
23 23 1
24 24 0
24 24 1
24 24 2
24 24 3
24 24 4
24 24 5
24 24 6
24 24 7
24 26 _
24 25 l
24 25 L
26 26 _
26 27 0
26 27 1
26 27 2
26 27 3
26 27 4
26 27 5
26 27 6
26 27 7
27 27 0
27 27 1
27 27 2
27 27 3
27 27 4
27 27 5
27 27 6
27 27 7
27 26 _
27 25 l
27 25 L
28 30 0
28 30 1
28 30 2
28 30 3
28 30 4
28 30 5
28 30 6
28 30 7
28 30 8
28 30 9
28 29 f
28 29 F
28 29 d
28 29 D
28 33 e
28 33 E
30 30 0
30 30 1
30 30 2
30 30 3
30 30 4
30 30 5
30 30 6
30 30 7
30 30 8
30 30 9
30 29 f
30 29 F
30 29 d
30 29 D
30 31 _
30 33 e
30 33 E
31 32 0
31 32 1
31 32 2
31 32 3
31 32 4
31 32 5
31 32 6
31 32 7
31 32 8
31 32 9
31 31 _
32 32 0
32 32 1
32 32 2
32 32 3
32 32 4
32 32 5
32 32 6
32 32 7
32 32 8
32 32 9
32 31 _
32 29 f
32 29 F
32 29 d
32 29 D
32 33 e
32 33 E
33 34 +
33 34 -
33 35 0
33 35 1
33 35 2
33 35 3
33 35 4
33 35 5
33 35 6
33 35 7
33 35 8
33 35 9
34 35 0
34 35 1
34 35 2
34 35 3
34 35 4
34 35 5
34 35 6
34 35 7
34 35 8
34 35 9
35 35 0
35 35 1
35 35 2
35 35 3
35 35 4
35 35 5
35 35 6
35 35 7
35 35 8
35 35 9
35 37 f
35 37 F
35 37 d
35 37 D
35 36 _
36 36 _
36 38 0
36 38 1
36 38 2
36 38 3
36 38 4
36 38 5
36 38 6
36 38 7
36 38 8
36 38 9
38 38 0
38 38 1
38 38 2
38 38 3
38 38 4
38 38 5
38 38 6
38 38 7
38 38 8
38 38 9
38 37 f
38 37 F
38 37 d
38 37 D
38 36 _
39 39 0
39 39 1
39 39 2
39 39 3
39 39 4
39 39 5
39 39 6
39 39 7
39 39 8
39 39 9
39 28 .
39 41 _
39 40 f
39 40 F
39 40 d
39 40 D
39 65 l
39 65 L
39 33 e
39 33 E
41 41 _
41 42 0
41 42 1
41 42 2
41 42 3
41 42 4
41 42 5
41 42 6
41 42 7
41 42 8
41 42 9
42 42 0
42 42 1
42 42 2
42 42 3
42 42 4
42 42 5
42 42 6
42 42 7
42 42 8
42 42 9
42 65 l
42 65 L
42 40 f
42 40 F
42 40 d
42 40 D
42 41 _
42 28 .
42 33 e
42 33 E
43 66 '
43 44 no '
43 44 no \
43 44 no LF
43 44 no CR
43 44 no FF
43 44 no BS
43 44 no VT
43 45 \
44 66 '
45 44 b
45 44 t
45 44 n
45 44 f
45 44 r
45 44 '
45 44 "
45 44 \
45 47 4
45 47 5
45 47 6
45 47 7
45 46 0
45 46 1
45 46 2
45 46 3
46 66 '
46 49 0
46 49 1
46 49 2
46 49 3
46 49 4
46 49 5
46 49 6
46 49 7
47 66 '
48 66 '
49 66 '
49 50 0
49 50 1
49 50 2
49 50 3
49 50 4
49 50 5
49 50 6
49 50 7
50 66 '
51 51 no "
51 51 no \
51 51 no LF
51 51 no CR
51 51 no FF
51 51 no BS
51 51 no VT
51 67 "
51 52 \
52 51 no LF
52 51 no CR
52 51 no FF
52 51 no BS
52 51 no VT
53 54 /
53 55 *
53 80 =
54 54 no LF
54 54 no CR
54 0 CR
54 0 LF
55 55 no *
55 56 *
56 55 no /
56 55 no *
56 0 /
56 56 *
57 57 JL
57 58 JD
58 58 JD
69 68 =
70 68 &
70 68 =
71 68 |
71 68 =
72 68 +
72 68 =
73 68 -
73 68 =
74 75 <
75 68 =
76 77 >
76 68 =
77 78 >
77 68 =
78 68 =
